20130103_0614_D NaN NaN NaN NaN NaN NaN NaN NaN NaN NaN NaN NaN
20130104_0929_0 2013/01/04 09:48:05 250 94 313 270 357 446 5.2 9.7e+14 4.7e+29 260 
20130111_0400_0 2013/01/11 06:24:05 63 67 462 652 257 0 -46.5 4.1e+14 4.3e+29 57 
20130111_1000_0 2013/01/11 12:36:05 63 46 315 197 448 1132 51.6 2.0e+14 9.9e+28 69 
20130112_1030_D 2013/01/12 11:00:05 90 50 261 341 174 0 -20.6 2.1e+14 7.1e+28 87
20130119_1130_0 2013/01/19 12:00:06 79 29 211 180 242 437 6.5 9.3e+13 2.1e+28 87
20130123_0500_0 2013/01/23 05:12:05 284 17 301 93 507 951 36.7 NaN NaN 288
20130123_1410_0 2013/01/23 14:12:05 351 185 530 535 524 526 -0.4 NaN NaN 16
20130126_2330_D 2013/01/27 00:12:05 69 59 249 243 256 300 1.3 9.1e+13 2.8e+28 70
20130201_2330_0 2013/02/01 22:02:03 137 84 497 445 553 610 7.1 NaN NaN 134
20130212_2345_0 2013/02/12 23:12:40 225 165 1050 1045 1054 1051 0.5 NaN NaN 217
20130215_1645_D 2013/02/15 17:12:06 33 136 323 279 372 345 1.7 NaN NaN 50
20130218_0200_1 NaN NaN NaN NaN NaN NaN NaN NaN NaN NaN NaN NaN
20130219_1115_0 2013/02/19 10:12:07 28 87 188 186 189 201 0.2 2.2e+14 3.9e+28 27
20130221_0400_0 NaN NaN NaN NaN NaN NaN NaN NaN NaN NaN NaN NaN
20130301_1945_0 2013/03/01 19:24:05 258 61 422 397 448 446 1.7 2.9e+15 2.6e+30 262
20130302_1615_0 2013/03/02 13:36:20 75 69 387 411 362 347 -2.0 2.2e+15 1.7e+30 82
20130316_0800_0 2013/03/16 06:00:07 236 32 242 257 225 125 -2.1 4.3e+14 1.3e+29 237
20130320_0045_D NaN NaN NaN NaN NaN NaN NaN NaN NaN NaN NaN NaN
20130320_2200_D 2013/03/20 21:24:05 106 26 158 148 167 302 2.8 5.9e+13 7.4e+27 106
20130323_0315_0 NaN NaN NaN NaN NaN NaN NaN NaN NaN NaN NaN NaN
20130329_0430_0 NaN NaN NaN NaN NaN NaN NaN NaN NaN NaN NaN NaN
20130330_0930_0 NaN NaN NaN NaN NaN NaN NaN NaN NaN NaN NaN NaN
20130410_1545_0 NaN NaN NaN NaN NaN NaN NaN NaN NaN NaN NaN NaN
20130411_0810_0 2013/04/11 07:24:06 360 360 861 929 792 819 -8.1 NaN NaN 85
20130413_0530_D NaN NaN NaN NaN NaN NaN NaN NaN NaN NaN NaN NaN
20130414_0345_0 NaN NaN NaN NaN NaN NaN NaN NaN NaN NaN NaN NaN
20130419_1500_0 2013/04/19 14:24:07 49 17 262 291 228 0 -8.2 NaN NaN 43
20130420_0300_0 2013/04/20 03:48:05 284 73 133 88 176 420 7.0 1.4e+15 1.3e+29 285
20130420_0845_0 2013/04/20 09:12:10 91 31 911 1156 659 0 -64.9 2.0e+14 8.4e+29 100
20130422_1030_1 2013/04/22 09:48:05 261 40 429 313 547 1202 56.4 5.3e+14 4.9e+29 269
20130423_0615_0 NaN NaN NaN NaN NaN NaN NaN NaN NaN NaN NaN NaN
20130430_2145_1 2013/04/30 22:24:05 107 39 166 153 179 387 5.2 8.7e+13 1.2e+28 99
20130504_0320_0 2013/05/04 05:48:06 73 33 386 389 382 370 -0.6 2.8e+14 2.1e+29 81 ;?
20130507_1215_0 NaN NaN NaN NaN NaN NaN NaN NaN NaN NaN NaN NaN
20130511_2345_0 2013/05/12 00:00:05 319 140 549 356 738 715 15.9 NaN NaN 328
20130513_2200_D 2013/05/13 21:28:06 278 35 600 583 617 619 1.8 1.4e+14 2.6e+29 286
20130515_0800_0 NaN NaN NaN NaN NaN NaN NaN NaN NaN NaN NaN NaN
20130515_1100_M 2013/05/15 10:12:05 307 48 237 282 192 0 -6.7 5.4e+14 1.5e+29 308
20130517_1030_0 2013/05/17 09:12:10 360 360 1345 1368 1319 1337 -3.7 NaN NaN 50 
20130520_1130_0 2013/05/20 12:00:05 324 75 340 310 370 381 2.0 1.9e+15 1.1e+30 332 
20130521_0430_0 2013/05/21 06:48:05 322 70 343 452 231 0 -26.2 6.3e+14 3.7e+29 331
20130523_2045_D NaN NaN NaN NaN NaN NaN NaN NaN NaN NaN NaN NaN
20130524_1830_1 NaN NaN NaN NaN NaN NaN NaN NaN NaN NaN NaN NaN
20130526_1130_0 NaN NaN NaN NaN NaN NaN NaN NaN NaN NaN NaN NaN
20130531_1215_0 2013/05/31 12:12:07 118 84 263 224 298 387 4.1 9.4e+14 3.2e+29 108x
20130601_1815_0 NaN NaN NaN NaN NaN NaN NaN NaN NaN NaN NaN NaN
20130602_1930_0 NaN NaN NaN NaN NaN NaN NaN NaN NaN NaN NaN NaN
20130603_0715_0 NaN NaN NaN NaN NaN NaN NaN NaN NaN NaN NaN NaN
20130610_0145_0 NaN NaN NaN NaN NaN NaN NaN NaN NaN NaN NaN NaN
20130612_1615_0 2013/06/12 16:48:05 0 34 145 149 142 67 -0.7 8.5e+13 9.0e+27 357
20130619_0145_0 NaN NaN NaN NaN NaN NaN NaN NaN NaN NaN NaN NaN
20130626_0545_0 NaN NaN NaN NaN NaN NaN NaN NaN NaN NaN NaN NaN
20130626_2230_D NaN NaN NaN NaN NaN NaN NaN NaN NaN NaN NaN NaN
20130628_0230_0 2013/06/28 02:00:05 -1 360 1037 1217 841 976 -22.8 6.6e+15 3.6e+31 214
20130629_0900_0 2013/06/29 10:12:05 255 6 671 719 623 0 -27.1 NaN NaN 250 
20130629_1945_0 NaN NaN NaN NaN NaN NaN NaN NaN NaN NaN NaN NaN
20130629_2130_0 NaN NaN NaN NaN NaN NaN NaN NaN NaN NaN NaN NaN
20130629_2145_0 NaN NaN NaN NaN NaN NaN NaN NaN NaN NaN NaN NaN
20130702_0030_D NaN NaN NaN NaN NaN NaN NaN NaN NaN NaN NaN NaN
20130702_1914_M 2013/07/02 18:24:06 339 55 371 266 480 522 8.5 2.4e+13 1.6e+28 350 
20130703_0645_0 NaN NaN NaN NaN NaN NaN NaN NaN NaN NaN NaN NaN
20130704_1130_D 2013/07/04 12:24:05 273 42 212 141 283 526 10.5 3.3e+14 7.4e+28 266 
20130704_1800_0 NaN NaN NaN NaN NaN NaN NaN NaN NaN NaN NaN NaN
20130705_2210_D 2013/07/05 21:36:06 142 27 117 157 70 0 -8.9 1.2e+14 8.1e+27 140 
20130709_1630_M 2013/07/09 15:12:09 -1 360 449 517 382 290 -7.7 3.4e+15 3.5e+30 174
20130713_1345_0 NaN NaN NaN NaN NaN NaN NaN NaN NaN NaN NaN NaN
20130721_0935_0 2013/07/21 08:21:22 85 67 291 331 248 200 -2.8 3.8e+15 1.6e+30 78 
20130725_0430_0 NaN NaN NaN NaN NaN NaN NaN NaN NaN NaN NaN NaN
20130726_2245_0 NaN NaN NaN NaN NaN NaN NaN NaN NaN NaN NaN NaN
20130730_2300_0 NaN NaN NaN NaN NaN NaN NaN NaN NaN NaN NaN NaN
20130802_1300_0 2013/08/02 13:25:51 242 89 511 573 447 443 -5.6 1.4e+15 1.9e+30 235
20130803_1230_0 NaN NaN NaN NaN NaN NaN NaN NaN NaN NaN NaN NaN
20130804_2300_0 2013/08/05 00:24:05 135 65 165 114 216 597 14.1 7.6e+13 1.0e+28 143
20130806_0230_D 2013/08/06 02:48:05 188 99 632 330 948 852 25.5 4.1e+15 8.2e+30 188
20130807_1815_0 2013/08/07 18:24:05 174 167 444 406 484 473 2.4 3.1e+15 3.0e+30 187
20130808_1900_M 2013/08/08 19:12:05 206 91 245 252 237 230 -0.4 2.0e+15 6.1e+29 208
20130810_1530_1 NaN NaN NaN NaN NaN NaN NaN NaN NaN NaN NaN NaN
20130811_2200_0 2013/08/11 23:24:05 178 52 110 140 79 0 -3.1 8.0e+14 4.8e+28 165
20130812_2200_0 2013/08/13 00:12:05 182 10 174 315 0 0 -52.2 NaN NaN 182
20130813_1330_M 2013/08/13 13:36:20 205 87 263 230 299 314 1.9 1.4e+15 4.7e+29 189
20130814_1330_0 NaN NaN NaN NaN NaN NaN NaN NaN NaN NaN NaN NaN
20130815_1030_D 2013/08/15 10:36:05 270 29 335 296 374 392 2.8 2.4e+14 1.4e+29 265
20130822_2330_D NaN NaN NaN NaN NaN NaN NaN NaN NaN NaN NaN NaN
20130825_0900_D NaN NaN NaN NaN NaN NaN NaN NaN NaN NaN NaN NaN
20130827_0500_0 NaN NaN NaN NaN NaN NaN NaN NaN NaN NaN NaN NaN
20130902_0345_D 2013/09/02 03:48:05 145 125 304 235 374 345 2.6 2.9e+15 1.3e+30 143
20130910_1310_D 2013/09/10 13:25:49 177 127 847 934 753 799 -10.6 4.0e+15 1.4e+31 172
20130919_0300_0 2013/09/19 03:36:05 115 174 362 396 326 0 -8.4 9.0e+14 5.9e+29 124
20130920_0500_0 NaN NaN NaN NaN NaN NaN NaN NaN NaN NaN NaN NaN
20130922_0400_D NaN NaN NaN NaN NaN NaN NaN NaN NaN NaN NaN NaN
20130923_1130_0 2013/09/23 10:00:06 230 120 287 275 300 308 0.8 2.0e+15 8.4e+29 242
20131006_1530_0 2013/10/06 14:43:22 -1 360 567 414 710 822 21.5 4.6e+14 7.3e+29 10
20131008_1530_0 2013/10/08 15:24:05 111 36 243 238 249 298 1.3 2.3e+14 6.7e+28 116
20131010_2200_0 2013/10/10 23:48:05 266 39 203 209 196 108 -1.3 6.0e+14 1.2e+29 269
20131017_1930_0 NaN NaN NaN NaN NaN NaN NaN NaN NaN NaN NaN NaN
20131019_1030_1 NaN NaN NaN NaN NaN NaN NaN NaN NaN NaN NaN NaN
20131020_1130_M 2013/10/20 12:36:06 307 27 427 488 367 346 -4.9 9.8e+11 8.9e+26 321
20131020_1900_0 2013/10/20 22:36:06 193 81 385 171 618 524 10.1 3.4e+15 2.5e+30 199
20131024_0200_M 2013/10/24 01:25:29 -1 360 399 495 303 0 -17.0 1.9e+15 1.5e+30 217
20131026_0945_0 2013/10/26 07:00:05 265 70 338 372 299 0 -6.1 1.4e+15 8.2e+29 262
20131028_0215_0 NaN NaN NaN NaN NaN NaN NaN NaN NaN NaN NaN NaN
20131028_1100_M NaN NaN NaN NaN NaN NaN NaN NaN NaN NaN NaN NaN
20131104_0900_D NaN NaN NaN NaN NaN NaN NaN NaN NaN NaN NaN NaN
20131105_0700_0 NaN NaN NaN NaN NaN NaN NaN NaN NaN NaN NaN NaN
20131111_1930_0 NaN NaN NaN NaN NaN NaN NaN NaN NaN NaN NaN NaN
20131123_1100_1 2013/11/23 09:12:10 278 40 471 453 491 538 3.5 2.3e+14 2.5e+29 280
20131128_0900_0 NaN NaN NaN NaN NaN NaN NaN NaN NaN NaN NaN NaN
20131201_2000_0 2013/12/01 20:36:05 331 159 561 652 465 438 -9.8 1.9e+15 3.0e+30 324
20131202_2100_0 NaN NaN NaN NaN NaN NaN NaN NaN NaN NaN NaN NaN
20131218_0800_D 2013/12/18 08:48:05 120 36 225 272 182 0 -6.6 2.9e+14 7.2e+28 128
20131219_0830_1 2013/12/19 09:12:09 108 86 364 433 301 0 -9.7 5.8e+14 3.8e+29 117
20131229_0500_0 2013/12/29 05:48:05 136 215 415 317 518 477 5.2 6.2e+15 5.3e+30 124
20131230_1700_0 NaN NaN NaN NaN NaN NaN NaN NaN NaN NaN NaN NaN
20131230_2300_0 2013/12/30 22:13:33 203 90 278 304 254 189 -2.3 3.0e+14 1.2e+29 184
